GO:0007416	0.000112606093384	synapse assembly	Q9Y4C0 Q02297 Q7Z5N4
GO:0030534	5.44637686756e-06	adult behavior	Q9Y4C0 Q9P2D8 P39086
GO:1903955	9.83739438638e-05	positive regulation of protein targeting to mitochondrion	Q969H0 Q02297 P49840
GO:0031000	9.40664271295e-05	response to caffeine	P38405 P21817
