GO:0005515	5.91986224941e-10	protein binding	Q92599 Q16555 P04083 Q9NVA2 P51884 P55083 Q9BS40 P37802 P09211 P32455 P04233 P21333 P60660 Q16527 P31949 Q15691 Q01995 P08729 P08727 P13674 P50453 Q9UBX5 P06396 Q9NPH2 Q14764 Q05682 P53634 P16949 P06702 O14558 Q15019 Q9ULZ3 P08670 P60903 P14618 Q8WU39
GO:0003779	1.04725019675e-06	actin binding	P33241 P32455 P21333 Q01995 P29966 P06396 Q05682 Q99439 Q15417
GO:0005516	2.83603189125e-05	calmodulin binding	P29966 Q05682 Q99439 Q15417 P46019
GO:0042803	0.000161237779115	protein homodimerization activity	P04083 P21333 P31949 Q9UBX5 O14558 Q9ULZ3 P60903
