GO:0043234	7.51595835453e-05	protein complex	Q9Y4C0 Q969H0 P21817 P31146 P25054
GO:0005886	8.08104955641e-05	plasma membrane	O43159 O43688 Q9H255 Q9P2D8 P35916 P39086 P38405 P21817 Q9UP52 Q02297 P31146 Q13469 Q8NGT2 Q7Z5N4 P25054
GO:0005938	0.000434319917456	cell cortex	P21817 P31146 P25054
GO:0030877	9.19336738967e-05	beta-catenin destruction complex	P49840 P25054
