GO:0005896	0.000767307003373	interleukin-6 receptor complex	P08887
GO:0070110	0.000767307003373	ciliary neurotrophic factor receptor complex	P08887
GO:0016021	0.00110292185324	integral component of membrane	P03905 O15455 P08887 Q02127 P51681 P00846 P01375 Q9NPC4
GO:0005743	0.000288173132103	mitochondrial inner membrane	P03905 Q02127 P00846
